# This file may be used to create an environment using:
# $ conda create --name <env> --file <this file>
# platform: win-64
asgiref=3.5.2=pyhd8ed1ab_0
backports.zoneinfo=0.2.1=py310h5588dad_7
black=22.10.0=py310h5588dad_2
bzip2=1.0.8=h8ffe710_4
ca-certificates=2022.9.24=h5b45459_0
click=8.1.3=win_pyhd8ed1ab_2
colorama=0.4.6=pyhd8ed1ab_0
django=4.1.3=pyhd8ed1ab_0
djangorestframework=3.14.0=pyhd8ed1ab_0
libffi=3.4.2=h8ffe710_5
libsqlite=3.39.4=hcfcfb64_0
libzlib=1.2.13=hcfcfb64_4
mypy_extensions=0.4.3=py310h5588dad_6
openssl=3.0.7=hcfcfb64_0
pathspec=0.10.2=pyhd8ed1ab_0
pip=22.3.1=pyhd8ed1ab_0
platformdirs=2.5.2=pyhd8ed1ab_1
python=3.10.6=hcf16a7b_0_cpython
python_abi=3.10=2_cp310
pytz=2022.6=pyhd8ed1ab_0
setuptools=65.5.1=pyhd8ed1ab_0
sqlparse=0.4.3=pyhd8ed1ab_0
tk=8.6.12=h8ffe710_0
tomli=2.0.1=pyhd8ed1ab_0
typing_extensions=4.4.0=pyha770c72_0
tzdata=2022f=h191b570_0
ucrt=10.0.22621.0=h57928b3_0
vc=14.3=h3d8a991_9
vs2015_runtime=14.32.31332=h1d6e394_9
wheel=0.38.4=pyhd8ed1ab_0
xz=5.2.6=h8d14728_0
